Matriz 1:
-0.94692699 -0.08079641 0.31112893 28.36387903
-0.31690065 0.39688392 -0.86142738 481.69214372
-0.05388183 -0.91430580 -0.40142453 524.30981703
0.00000000 0.00000000 0.00000000 1.00000000

Matriz 2:
-0.85154751 0.24836902 -0.46171383 270.66379823
0.52089282 0.30089667 -0.79883156 376.56384936
-0.05947686 -0.92074645 -0.38560145 507.42447835
0.00000000 0.00000000 0.00000000 1.00000000

Matriz 3:
-0.15555189 0.40456561 -0.90118271 540.21906188
0.98509357 -0.00429917 -0.17196564 55.78062628
-0.07344573 -0.91449887 -0.39786624 502.57255657
0.00000000 0.00000000 0.00000000 1.00000000

Matriz 4:
0.66681592 -0.35331682 0.65614309 -391.98912688
-0.73546771 -0.17001230 0.65588342 -379.36093259
-0.12018225 -0.91992556 -0.37322002 570.68482645
0.00000000 0.00000000 0.00000000 1.00000000

Matriz 5:
0.96503873 -0.01441152 -0.26171084 39.93317153
0.23624085 -0.38468778 0.89230352 -497.76341711
-0.11353641 -0.92293425 -0.36783402 535.01382176
0.00000000 0.00000000 0.00000000 1.00000000

Matriz 6:
-0.36957514 -0.30880382 0.87638714 -568.21359608
-0.92480845 0.21383884 -0.31464629 352.83288463
-0.09024164 -0.92677567 -0.36461390 521.62017612
0.00000000 0.00000000 0.00000000 1.00000000

Matriz 7:
0.19645993 -0.37961589 0.90404384 -665.16655636
-0.97556454 0.01682633 0.21906779 -46.90135472
-0.09837335 -0.92499116 -0.36703410 528.43922610
0.00000000 0.00000000 0.00000000 1.00000000

Matriz 8:
0.62924538 -0.33783013 0.69994361 -429.56040964
-0.77111781 -0.15886289 0.61655487 -365.27580991
-0.09709575 -0.92770328 -0.36047057 525.81643752
0.00000000 0.00000000 0.00000000 1.00000000

Matriz 9:
0.24941250 -0.71156985 0.65685748 -212.04602960
-0.96681043 -0.14415045 0.21094606 3.47806768
-0.05541656 -0.68766925 -0.72390608 572.16329562
0.00000000 0.00000000 0.00000000 1.00000000

Matriz 10:
-0.95220209 -0.18948505 0.23959675 -9.63146401
-0.30161028 0.70747264 -0.63915077 187.94546376
-0.04839863 -0.68086554 -0.73080756 572.72898681
0.00000000 0.00000000 0.00000000 1.00000000

Matriz 11:
-0.40211887 0.66469547 -0.62966685 275.30081929
0.91506127 0.26844881 -0.30099519 44.05902089
-0.03103682 -0.69721960 -0.71618542 578.72055970
0.00000000 0.00000000 0.00000000 1.00000000

Matriz 12:
0.99104426 0.07942814 -0.10734262 13.80971097
0.13209670 -0.70076214 0.70105841 -314.23149236
-0.01953788 -0.70895952 -0.70497849 574.45883049
0.00000000 0.00000000 0.00000000 1.00000000

