Matriz 1:
0.99486621 0.07561144 -0.06726166 -39.01177166
0.07649040 -0.12665232 0.98899363 -529.18390241
0.06626038 -0.98906122 -0.13178567 356.52060530
0.00000000 0.00000000 0.00000000 1.00000000

Matriz 2:
0.80835384 -0.05728497 0.58590316 -343.84165590
-0.58842496 -0.10887223 0.80118843 -451.03815002
0.01789252 -0.99240378 -0.12171519 358.76063941
0.00000000 0.00000000 0.00000000 1.00000000

Matriz 3:
0.21008708 -0.34982616 0.91295404 -681.27835920
-0.96815401 0.05561466 0.24410004 -51.73918964
-0.13616621 -0.93516237 -0.32700168 429.74178875
0.00000000 0.00000000 0.00000000 1.00000000

Matriz 4:
-0.24717500 -0.16390690 0.95500735 -647.86817881
-0.95247763 0.22217183 -0.20838915 290.34111850
-0.17801931 -0.96113173 -0.21103297 449.85411155
0.00000000 0.00000000 0.00000000 1.00000000

Matriz 5:
-0.94906289 0.07386130 0.30630727 -139.21896168
-0.28372991 0.22244057 -0.93274730 622.65184567
-0.13702909 -0.97214438 -0.19015343 453.71870113
0.00000000 0.00000000 0.00000000 1.00000000

Matriz 6:
-0.85053806 0.24635992 -0.46464158 405.19476282
0.50939382 0.16621511 -0.84432841 523.60357331
-0.13077822 -0.95481900 -0.26686650 462.78479455
0.00000000 0.00000000 0.00000000 1.00000000

Matriz 7:
-0.24394396 0.24710173 -0.93778040 639.86681279
0.96348652 -0.04831498 -0.26336169 44.70009720
-0.11038597 -0.96778427 -0.22629304 436.63344683
0.00000000 0.00000000 0.00000000 1.00000000

Matriz 8:
0.53359268 0.13793634 -0.83441741 655.18489995
0.83313577 -0.25543754 0.49054709 -388.22305381
-0.14547726 -0.95693533 -0.25121930 449.16961509
0.00000000 0.00000000 0.00000000 1.00000000


Matriz 9:
0.23765069 0.40397443 -0.88336109 534.06466530
0.96917762 -0.15941224 0.18783628 -385.52007910
-0.06493751 -0.90077322 -0.42940741 603.10903026
0.00000000 0.00000000 0.00000000 1.00000000

Matriz 10:
-0.97542564 -0.21919737 -0.02230072 -192.73458463
-0.07568524 0.42840455 -0.90041173 497.38461784
0.20692162 -0.87659686 -0.43446678 605.81416518
0.00000000 0.00000000 0.00000000 1.00000000

