Matriz 1:
0.99863753 -0.04997469 0.01502060 65.56847060
-0.03179327 -0.35443085 0.93454158 -528.84278032
-0.04137966 -0.93374585 -0.35553680 430.65187194
0.00000000 0.00000000 0.00000000 1.00000000

Matriz 2:
-0.55689739 -0.19958978 0.80624390 -401.88406015
-0.83001761 0.16948903 -0.53136075 308.45383114
-0.03059532 -0.96511004 -0.26005103 443.32802760
0.00000000 0.00000000 0.00000000 1.00000000

Matriz 3:
0.08452051 -0.26521772 0.96047688 -487.45944019
-0.99619395 -0.04310197 0.07576176 -25.48176876
0.02130508 -0.96322468 -0.26785129 440.50691844
0.00000000 0.00000000 0.00000000 1.00000000

Matriz 4:
-0.54620584 -0.19450792 0.81475509 -474.85956205
-0.83569531 0.06010971 -0.54589392 354.51611191
0.05720600 -0.97905745 -0.19538163 449.95710715
0.00000000 0.00000000 0.00000000 1.00000000

Matriz 5:
-0.98370026 0.01508348 0.17918228 -17.23949509
-0.17296722 0.19302258 -0.96582847 616.47385194
-0.04915428 -0.98107837 -0.18726742 450.26172648
0.00000000 0.00000000 0.00000000 1.00000000

Matriz 6:
-0.65983373 0.16987543 -0.73195750 438.75796249
0.75141009 0.14719309 -0.64320842 380.96508012
-0.00152622 -0.97441086 -0.22476908 453.12573335
0.00000000 0.00000000 0.00000000 1.00000000

Matriz 7:
0.01651105 0.23523961 -0.97179716 550.64484781
0.99986281 -0.00516953 0.01573652 7.98427773
-0.00132188 -0.97192366 -0.23529269 439.72063160
0.00000000 0.00000000 0.00000000 1.00000000

No se guardó la matriz 8.
Matriz 9:
0.99394322 -0.01365997 -0.10904256 -25.32080268
0.03542102 -0.89946863 0.43554740 -69.65521247
-0.10402992 -0.43677179 -0.89353689 514.45310139
0.00000000 0.00000000 0.00000000 1.00000000

